,PitchNo,PAofInning,PitchofPA,PitcherId,PitcherThrows,BatterId,BatterSide,Inning,Outs,Balls,Strikes,OutsOnPlay,RunsScored,RelSpeed,VertRelAngle,HorzRelAngle,SpinRate,SpinAxis,RelHeight,RelSide,Extension,VertBreak,InducedVertBreak,HorzBreak,PlateLocHeight,PlateLocSide,ZoneSpeed,VertApprAngle,HorzApprAngle,ZoneTime,ExitSpeed,Angle,Direction,HitSpinRate,PositionAt110X,PositionAt110Y,PositionAt110Z,Distance,LastTrackedDistance,Bearing,HangTime,pfxx,pfxz,x0,y0,z0,vx0,vy0,vz0,ax0,ay0,az0,-45_to_-35,-35_to_-25,-25_to_-15,-15_to_-5,-5_to_5,5_to_15,15_to_25,25_to_35,35_to_45,PlayResult
PitchNo,1.0,0.08491013370468825,-0.006075847913025362,0.02842358851326453,0.11638170735212743,0.010042990394906018,0.007916218157787692,0.9585010256580948,0.051433907648787705,-0.016838636429594576,0.00525085846277052,-0.006892612371038476,0.0035625709267631976,-0.03145778587814566,0.08535284047645264,-0.09241381544435646,0.004430156385659443,0.02828263083758287,-0.07726331233887557,0.10036824109594984,0.07126669450172782,-0.05927970243686748,-0.07412300848932889,0.07164810421589995,0.006965572052641571,0.04330119749793892,-0.036876320760980186,-0.017133272336492006,-0.057078526805199564,0.02278318867265615,-0.03622920212419934,0.0007233853234654423,0.026923383086035015,0.008937271205110847,-0.00872928938689945,-0.008388301641485183,0.02549580934398763,-0.05387698098365753,-0.024389188849946297,0.023425451641908967,-0.026287426889876907,-0.07576135510380297,-0.07375087813217192,-0.09958096586359977,,-0.06704611098792453,0.08825700937646101,0.030798636432126568,0.08415629306740727,-0.07587602450886514,0.0030422449617379297,-0.0649295408071578,0.001903100305975742,-0.032180499252167406,0.021599317834937116,-0.01828272190251086,-0.032909147212934614,0.024463331967730113,0.013500784721826092,0.018153545459746356,0.006725509770308208,0.0009468820755246283
PAofInning,0.08491013370468825,1.0,-0.01342815494942612,0.011626753894304726,0.018014957660978968,-0.003386516620908663,-0.005454086011771293,-0.0072626860667055785,0.6671494496518143,-0.0012199227512516907,-0.0198239536933555,0.02051052852343761,0.31083494296160724,-0.08963987370034017,0.07974265500249168,-0.010584257410533085,-0.017183227255220847,-0.008200939161031408,-0.05560758353489638,0.01515173241737778,0.05875038691065955,-0.07595592631623489,-0.06209112232412803,-0.0011560961822986095,-0.012345265370157047,0.00016707484366520843,-0.0834301097197381,-0.04857304771978915,-0.019151850913105343,0.07372599214347975,0.007093685698083904,-0.009901261578519657,0.009788909479031584,-0.010095428776467264,0.011721030282937236,-0.007158065812866888,0.011832513613986923,0.010753361435468477,0.017595904240753406,0.009201751916878914,-0.0034392894458534504,4.441677722909187e-05,-0.06318355424229634,-0.015292192223515593,,-0.04429900373824558,0.00806646182102227,0.08799488444949628,0.07896394778478766,0.003846567537532275,-0.08862460248867067,-0.06446356479753904,-0.011269264047041355,0.00455893444254154,-0.005785860695747954,-0.0027552385006727647,-0.007477205851872973,0.010494792684435279,0.034740346996068226,-0.01201385915276098,-0.01548410488160712,0.04343769382963843
PitchofPA,-0.006075847913025362,-0.01342815494942612,1.0,0.021371381740030893,-0.017942754509135832,0.03958446865606385,-0.011724893991866244,-0.030152529165549953,0.00509063135768628,0.8202051954898545,0.7915968732574746,0.032427935382413085,-0.022813461176303555,-0.011340363436359786,0.015591472878653876,0.021303002764203098,0.044471567276571915,-0.07139413217860639,-0.03534627408357515,-0.005086338209296435,-0.011330529008386063,-0.012656876822128505,-0.006716286149375913,-0.06082720228313627,-0.023769543641157413,-0.025772199142409084,-0.016378052370067994,-0.004964964972369306,-0.04416020555205322,0.016415677146422558,-0.042938658730426814,0.031869008304136255,0.01732357835426021,0.03872866725795423,-0.032360098736269605,0.020950087610592534,0.019640901241350962,-0.02982049150559289,-0.03365683447286005,0.019143354797977363,0.009550550107145919,0.05667043519940646,-0.006737830909776576,0.0033753449036504316,,-0.035288818658737606,-0.020609452016985594,0.012097121403872688,0.010709868685233694,0.057472673357482344,0.00998856586496225,-0.0006685579543647181,0.00020070457406657228,-0.0028512168166765638,-0.0002843089774097185,-0.012910145128087242,-0.007411970389736522,-0.02142339242880793,0.0023343351388493585,0.027697726053903002,0.021992100223284374,-0.028436693456010718
PitcherId,0.02842358851326453,0.011626753894304726,0.021371381740030893,1.0,-0.07000031842720472,0.09116417404579825,0.02627594589432066,0.0038241217552918033,-0.014593741083759071,0.025449678159796388,0.01126681341102627,-0.01592288135043452,-0.004925015921178843,-0.11071285617231746,-0.012131319001009807,0.08488163147876711,-0.09740238351274103,-0.07080910460613998,0.0928443848076529,-0.06347094467621466,0.008495778988306718,-0.03489890723232134,0.019846360736408507,-0.10685846354292604,0.0063467980707014185,-0.015462625464283947,-0.11365878728072891,-0.07194896852466584,-0.0012746297339715623,0.10077336314299985,-0.009297238574047649,0.03673985099335174,0.010256826473567742,0.03289377871904774,-0.024432572150028756,0.026719641218660984,0.015815617617546598,-0.00023577248051145374,-0.0031576560215182668,0.01886539123732987,0.025882646279521256,0.10699515307424073,0.01938860994127761,0.060332274103585284,,0.10030482900535784,-0.08954260728067283,0.11216774093003991,-0.014194994060890462,0.11638995395940145,-0.08470780691916373,0.006810830248116435,0.02902064073244648,-0.035131516590644465,0.0120113906389869,-0.011997860105547486,-0.03209196996647607,-0.005855161358691235,0.018269382771337148,0.021363740025689727,0.01432550389067448,0.012283438591705807
PitcherThrows,0.11638170735212743,0.018014957660978968,-0.017942754509135832,-0.07000031842720472,1.0,-0.07529503306715662,-0.11668363738812494,0.11303259592422686,0.001829845593184791,-0.023522611412305276,-0.026960286196693446,-0.014038948047429303,0.016983121200158477,0.18043167191661164,0.015890497430438952,-0.898810482070647,0.161412119559408,0.3285562681723594,-0.05556655714986543,0.9153227936065288,0.15670483579099284,0.025245656206921437,-0.10191824809200699,0.6673320446698802,0.026560068245160086,0.1980571512582555,0.18905174205488617,0.053100859147665457,-0.5907765588868232,-0.19113582089889417,-0.026216113438495624,-0.019019866557302596,0.02712149111664245,-0.03437852124476389,-0.013546006104374375,-0.01892990778264746,0.011828397325311551,-0.03238004596144361,-0.04044935925247576,0.000530800985384841,-0.03019120753696756,-0.7119691737416837,-0.08934376753204401,-0.9101981502857868,,-0.052812665184340496,0.8973240896551986,-0.18416787538539742,0.005989706978478788,-0.7353730595435398,0.144317313679071,-0.04244844963058004,0.003884518849289083,0.008226157462718374,-0.021179325411508507,0.006589167760872334,-0.007747453120548422,-0.0038315648896432145,0.017947332017092976,0.01280821109187562,-0.01747164203695029,0.014275103473943666
BatterId,0.010042990394906018,-0.003386516620908663,0.03958446865606385,0.09116417404579825,-0.07529503306715662,1.0,-0.14859015377144424,0.018963107965606962,0.01357136876273796,0.03231410652377425,0.03409913923527149,-0.02208464746600217,-0.005597099959038374,0.022116030833299244,-0.028006273912368682,0.05491049261052123,-0.0379536732928385,-0.008535188337360836,0.01752190429250037,-0.050082880025779014,-0.024199186087710777,0.03363932450686385,0.03876469125139236,-0.03762386514636759,0.013670540552383585,0.013839820220593007,0.02141995371606015,0.028890118987447946,0.040656487512406234,-0.017420967195339993,-0.02548467902085149,0.00726315147797996,0.039071420261044716,0.03718937221319173,-0.01396248498746596,0.004012428973458499,0.026761422010657315,-0.02323070284250944,-0.01024358671422888,0.01721720005502831,-0.006919597878562541,0.04065846896652264,0.037208013750965455,0.04908391746906593,,0.012856579743858447,-0.057855069014545776,-0.020601740003466085,-0.026787357503213052,0.048187532412433044,0.008772967032796324,0.037461926935762245,0.004247583829716513,-0.016508525640443566,0.002098793952476496,0.006486635794280373,-0.032338945935152894,-0.014086181596671039,0.018273482623750763,0.027616411684698642,0.010400859922813427,0.02773097954193272
BatterSide,0.007916218157787692,-0.005454086011771293,-0.011724893991866244,0.02627594589432066,-0.11668363738812494,-0.14859015377144424,1.0,0.007681969149187234,0.014771281532771635,-0.03517452624926249,0.015541388512323054,0.01600926455833621,-0.02894999437797439,-0.05759338302667534,0.02869440508541206,0.10931240905152333,0.01184455167246187,-0.18065183280440336,0.030902935570320287,-0.12570164271526554,-0.053970735082720045,-0.05557577169198219,-0.039010821916795474,-0.18521410216663525,-0.003206991828323371,-0.25126440546595263,-0.0569247873519754,-0.06200215113505536,-0.06434961074113808,0.06316782317791157,-0.030797214252049187,0.02322273775500859,-0.14411088980272657,0.045008503404739456,0.008915867857179913,0.02514213095839071,-0.047184952264849596,0.005840473048779683,0.0024719146197573574,0.022816550991939185,0.025585984094951678,0.18061590901783492,-0.04006290427104168,0.12780204298092626,,0.03889575937403216,-0.10355947453611511,0.05873148133155121,0.024344807289509267,0.17157668914982996,-0.04802203208060888,-0.04252950998138678,-0.012851724910491287,-0.005615205157476097,-0.01759848271570351,-0.03020864997681021,0.029570491384562997,0.02370154049185991,0.009444165843985965,-0.0025662071033125617,0.001598205592879797,-0.023862345414290873
Inning,0.9585010256580948,-0.0072626860667055785,-0.030152529165549953,0.0038241217552918033,0.11303259592422686,0.018963107965606962,0.007681969149187234,1.0,0.003071248274590839,-0.03655633852493002,-0.015334226692428968,-0.0019311639809346263,-0.030764210670192648,-0.008162339335206945,0.069449666631376,-0.09785123355344905,0.01612811563095667,0.038561171701941836,-0.06027609282910067,0.10207657011803596,0.037944955970299635,-0.048009473575912315,-0.06765516258233534,0.08303763339454649,0.00785200027616793,0.04455788452347168,-0.015380454841491635,-0.013361579150578486,-0.05088817712057121,0.007743454268362417,-0.0397471344118236,-0.005721276339214543,0.021726378449910717,0.007155170020383355,-0.010186606328856502,-0.014848582298678997,0.019653633288030693,-0.056577271740685824,-0.02040826572669128,0.01802216795497413,-0.0301793078662002,-0.08719551201772466,-0.0675576585038112,-0.10103033900584348,,-0.05249899687480943,0.09462667350352265,0.008198563086250325,0.06691669631156574,-0.08834895842446495,0.028065004226219156,-0.05727586194213863,0.007421120190909074,-0.03487972148805769,0.021516475133995922,-0.015464863964824783,-0.03323848805167297,0.03208453104899181,0.0034507018367190166,0.012204905207715711,0.010257581787324355,-0.00922752589908353
Outs,0.051433907648787705,0.6671494496518143,0.00509063135768628,-0.014593741083759071,0.001829845593184791,0.01357136876273796,0.014771281532771635,0.003071248274590839,1.0,0.011437912204582719,0.004378850252916551,0.01175713788319946,0.07877055978431459,-0.007011690977030387,0.02480541017521345,-0.0010759684864236417,0.010743226027141539,-0.006887821883090943,-0.01806257739127575,-0.005315712532003595,0.048131626860326904,-0.026380118301141627,-0.035529271170685904,0.002941630202251652,-0.009754143728153898,-0.018557537887111498,-0.0013125311978532401,-0.020829942266665458,0.0015004940775310428,0.003691100813837444,-0.005523817168003302,-0.009352285796600275,0.003797743033999036,0.01689341433470414,0.0053476736055804745,-0.005013402326445266,0.007528073888760224,0.006467195894728538,0.014503639776353584,0.00570647943800928,-0.001789732402309289,-0.0025263837049060507,-0.03419854234108736,0.005961515272127027,,-0.013884171160291158,0.002017546538885187,0.006003848435042287,0.020296627199983864,-0.004401751942415357,-0.016638277949606307,-0.02447223844176413,-0.0124670083909621,0.012223003286143213,0.004500722344394972,-0.005297367185394759,-0.004908648264712892,-0.0029387192810910808,0.0020722588989651436,0.00660106158799671,-0.00022741375407311825,-0.02579309519845604
Balls,-0.016838636429594576,-0.0012199227512516907,0.8202051954898545,0.025449678159796388,-0.023522611412305276,0.03231410652377425,-0.03517452624926249,-0.03655633852493002,0.011437912204582719,1.0,0.4113166559629688,0.03023083139344823,-0.009463350382571813,0.0920344564012356,-0.08635164685710263,0.010194178388090558,0.03612881070041672,-0.0022054364019228625,-0.03238383426965552,-0.010132132656674453,0.033870678232413375,0.11564238205468906,0.11144249687230487,-0.00988069696549718,-0.020787151057367007,-0.0046222439157124935,0.08477060171595782,0.10508752376189077,0.004312966328434021,-0.09018490021284181,0.01256065415056401,0.052968612667554135,-0.0015648943669831163,0.03250042865340462,-0.021469860703091197,0.05632954350361054,-0.0025473749191812873,0.012494129376066403,-0.0201027167040768,-0.0035830337928743484,0.04614377766546263,0.009609045725461118,0.1122533700867238,0.010039699202660499,,-0.0511979729348067,-0.010850016378916723,-0.0910687914952023,-0.08520716149917465,0.01405096210927669,0.08803692141838433,0.11931696351662369,0.002469048425266476,0.008247566238322878,0.016103694303623836,-0.012336050079048488,-0.009769314348931652,-0.021372480448426615,0.0011051513212956545,0.01298519364669486,0.007796013926290897,-0.03072966859337371
Strikes,0.00525085846277052,-0.0198239536933555,0.7915968732574746,0.01126681341102627,-0.026960286196693446,0.03409913923527149,0.015541388512323054,-0.015334226692428968,0.004378850252916551,0.4113166559629688,1.0,0.026537844754030558,-0.03403746865825093,-0.130878764643517,0.1193143098434652,0.045845913831603795,0.056710141799031,-0.13071761722313763,-0.022910940476993727,-0.02109306042837615,-0.06573797446842643,-0.1569245310048654,-0.13777260086117613,-0.11204366133269111,-0.035872247044937924,-0.057772386636572665,-0.1317589361679044,-0.1395609017707085,-0.07123382584166221,0.13892908664452228,-0.08563694425800415,-0.009149165875566523,0.03574464683870257,0.021978583054297424,-0.031816031495232204,-0.029889920733683857,0.04024439235150799,-0.0691855915565417,-0.02314062982329542,0.04057222959676644,-0.041382861853270794,0.10570940277042778,-0.13827199898672066,0.018376083375602155,,-0.0027974321063488896,-0.043278740454888255,0.131357561065307,0.10824263718773093,0.10215350794701754,-0.08588659486119908,-0.13495366361318056,-0.0025903802539952287,-0.023979865701786895,-0.004703303319493463,-0.01669979771622832,-0.006304900576303297,-0.009179207469573446,0.009864612854967958,0.03160063591741964,0.028812785107944258,-0.01859471950063657
OutsOnPlay,-0.006892612371038476,0.02051052852343761,0.032427935382413085,-0.01592288135043452,-0.014038948047429303,-0.02208464746600217,0.01600926455833621,-0.0019311639809346263,0.01175713788319946,0.03023083139344823,0.026537844754030558,1.0,-0.38668720204928214,-0.009768419369708254,0.013238729437382362,0.013852310753041957,0.024183708709976798,-0.002032222690164096,0.02249229341850957,-0.011373046252071972,-0.034222359947665655,0.0056498791778062385,0.021317835909099882,-0.016989472132226183,0.0640222621434665,-0.0038406022193601583,-0.014303186569921512,0.02434109900238059,0.0005102350188592794,0.016636202356249654,-0.23579711199844042,0.4439080860262269,0.033441672562645804,0.3225408974778907,0.1759176604964775,0.4298745118420149,0.03733606514792215,0.09109274668700415,-0.10053594203865288,0.041763417318521116,0.4152212043273434,0.016718824239689775,0.017893443769804316,0.010592047426443879,,0.02699381501866624,-0.012646215659126632,0.010018822593926266,0.015384212723413209,0.0145005642682737,0.006718477683043203,0.0162862555247421,-0.11163734755352915,-0.0415478501325741,-0.016644446558001177,0.05937698871034147,0.09130009668499467,0.03418851937297554,0.009987141274021314,-0.001655663758220215,-0.06124252189859322,-0.9100045173879111
RunsScored,0.0035625709267631976,0.31083494296160724,-0.022813461176303555,-0.004925015921178843,0.016983121200158477,-0.005597099959038374,-0.02894999437797439,-0.030764210670192648,0.07877055978431459,-0.009463350382571813,-0.03403746865825093,-0.38668720204928214,1.0,-0.04201829431151159,0.03053327404426874,-0.01359022066431408,-0.007004797592811076,-0.00819295398779643,-0.03343209719061088,0.017428024406407894,0.04218664434766892,-0.02956189547021553,-0.024452942837789003,0.0037740175634164187,-0.01736476297654156,0.003932529628353826,-0.03571580124349558,-0.01948398937183635,-0.01737085870500528,0.029159736271951325,0.23758763962675913,-0.09019478693994368,-0.0015990711333620496,-0.08592222718176831,-0.10633076369613169,-0.06088715224572778,-0.007127675512513453,0.27067805492885766,0.11151169001144087,-0.013013083582760081,0.040720420488983784,-0.004668107435986195,-0.02437624336299448,-0.017647075084676753,,-0.029671374283146458,0.013413654757772857,0.040895270789710614,0.03153869243712992,-0.004394698092635176,-0.05606468212115449,-0.02688240454205147,0.07600630344061353,0.0373092105413621,-0.018239807053854133,-0.023806853456576387,-0.10606443888327144,0.0052903523639333695,0.008400969336187074,-0.011780755335318485,0.06087543643041067,0.4568896447132855
RelSpeed,-0.03145778587814566,-0.08963987370034017,-0.011340363436359786,-0.11071285617231746,0.18043167191661164,0.022116030833299244,-0.05759338302667534,-0.008162339335206945,-0.007011690977030387,0.0920344564012356,-0.130878764643517,-0.009768419369708254,-0.04201829431151159,1.0,-0.6690488897991457,-0.2142413958962873,0.23876119606962903,0.31027351823753346,0.14824526863784424,0.1405059845412299,0.26185871873032246,0.8419593156974989,0.567956747699542,0.3273009234037139,0.15182592069304945,0.07562572830682938,0.9877034971427066,0.7236976945738065,0.07872737513297566,-0.9807091022179363,0.061202410604231816,-0.03465576077222478,0.056839351002309274,0.021929123830203064,0.01897589779553907,-0.0026687342083998524,0.04570528821545565,0.008868811860274904,-0.014087307791266235,0.0412134996793074,-0.012663507220479424,-0.3206244687924296,0.5907508743240169,-0.1313973372994314,,0.03734282480545344,0.21575900664240502,-0.9996269632257039,-0.6490265042385329,-0.3193024682320941,0.82475805695707,0.6741960026858124,-0.034755828768984774,-0.0007726120595651773,-0.0027137289535964565,-0.014316644839116741,0.0010612421056646665,-0.015925633283340374,0.020199946256586398,0.018074283316866047,0.030983181516483056,0.0017875081454063037
VertRelAngle,0.08535284047645264,0.07974265500249168,0.015591472878653876,-0.012131319001009807,0.015890497430438952,-0.028006273912368682,0.02869440508541206,0.069449666631376,0.02480541017521345,-0.08635164685710263,0.1193143098434652,0.013238729437382362,0.03053327404426874,-0.6690488897991457,1.0,0.01197493839108514,-0.011495383439118562,-0.1839617882200507,-0.5870501400161786,0.05789242914973885,-0.17805557118444887,-0.8274464835424523,-0.7823729062429463,-0.1590617313041743,0.16941304454713896,-0.027403826667698323,-0.6608940858301304,-0.3688441477302186,-0.18814666883702202,0.6617449849418825,-0.044591772639444346,0.0064477730648022525,-0.046812334414532614,-0.0017568342585420626,-3.709556623392348e-05,-0.0006113022602867149,-0.04346480976494212,0.0021729279590453816,0.008376193470096474,-0.04245454388160701,0.006900727139135481,0.14504035755777508,-0.8162554129950681,-0.0641799245428646,,-0.4528079729596525,-0.018146404389386347,0.6683163752864351,0.9930481431338746,0.14520258280638473,-0.5594358174090422,-0.8312188585439206,0.021627506442637015,0.009935105637086805,-0.007489372539318583,0.02646935099750371,0.011681449207647061,0.008409652218754445,-0.02568275275436115,-0.008758057784631118,-0.04164140531797409,-0.007152484632606822
HorzRelAngle,-0.09241381544435646,-0.010584257410533085,0.021303002764203098,0.08488163147876711,-0.898810482070647,0.05491049261052123,0.10931240905152333,-0.09785123355344905,-0.0010759684864236417,0.010194178388090558,0.045845913831603795,0.013852310753041957,-0.01359022066431408,-0.2142413958962873,0.01197493839108514,1.0,-0.09286078507790248,-0.5137484998351807,0.11546827752312559,-0.9451951251184791,-0.1733502283129499,-0.08276981212300294,0.03653630929357993,-0.7890671898205867,-0.003761347408896463,-0.05636873280060525,-0.21927819342788718,-0.12031190899278885,0.596871079330867,0.2232331391303978,0.0051466751851705845,0.01894856333447695,-0.09184647157038352,0.014786727505476594,0.005084941730654664,0.012556399748874354,-0.07476887807531526,0.0179759077904291,0.025820889881994,-0.06179951377472713,0.02132301265304655,0.8334311907823466,0.02681634337782918,0.9316955827586437,,0.12460693684556218,-0.9979117257110315,0.21567464455998123,0.016506729021318174,0.844228750855322,-0.16585004332189268,-0.01557875273609099,0.028188085406828087,0.023753477461933865,0.04493477324591252,-0.0138713912379112,0.005162907877126275,0.002764999075509889,-0.03770799852002493,-0.03398212236196596,-0.01859654885513817,-0.01350072917019788
SpinRate,0.004430156385659443,-0.017183227255220847,0.044471567276571915,-0.09740238351274103,0.161412119559408,-0.0379536732928385,0.01184455167246187,0.01612811563095667,0.010743226027141539,0.03612881070041672,0.056710141799031,0.024183708709976798,-0.007004797592811076,0.23876119606962903,-0.011495383439118562,-0.09286078507790248,1.0,-0.09579444237674786,0.006791289916291941,0.13067511429377315,-0.12768224943430406,0.04092357194473918,-0.08667753133639546,-0.02576689497581838,0.05541926953042369,-0.021670865010098773,0.24326226750688992,0.06608390121127493,-0.1843062522102546,-0.20147571506624185,-0.013078812424997685,0.009469424503896913,0.012065758969737841,0.059626330966728765,-0.004522837527607078,0.02391844548312376,0.014372107199784392,-0.0031003336375057477,-0.03050505912722164,0.013058772861848058,0.010478384334704542,0.011342589318122223,-0.07941941581138555,-0.13333761909283945,,0.004460936199436327,0.10024197601271637,-0.23820924218271566,-0.035564672626653915,-0.0033791626038850286,0.20281600776544664,-0.011252070418506665,-0.008198618360028824,0.011052538294023693,-0.013187604788720152,-0.021067413025270824,0.019099006334011695,0.0001240434712551118,-0.00599130119605677,0.0061884233238710725,0.012799283057278048,-0.023210198079780416
SpinAxis,0.02828263083758287,-0.008200939161031408,-0.07139413217860639,-0.07080910460613998,0.3285562681723594,-0.008535188337360836,-0.18065183280440336,0.038561171701941836,-0.006887821883090943,-0.0022054364019228625,-0.13071761722313763,-0.002032222690164096,-0.00819295398779643,0.31027351823753346,-0.1839617882200507,-0.5137484998351807,-0.09579444237674786,1.0,-0.060336606047029354,0.3325299980167066,0.15308042432459676,0.2835638410729115,0.2129945213759547,0.8290516083490215,0.03206704608515372,0.2429379185034909,0.30498529088049625,0.28308673143977126,0.24680113703523085,-0.3072840708034715,0.01971113989356236,-0.018421048789500218,0.052330438998250156,0.006729038380128083,-0.003117867155158082,-0.008276665374751515,0.02496003734413045,0.006233746329095127,0.008742605318042036,0.009004402405031095,-0.008967518539109652,-0.8081866160165584,0.21629307979471002,-0.31032082693647767,,-0.09953544766247915,0.4968577630991081,-0.30987729771865735,-0.17195955787455616,-0.7806969892380661,0.2432003635474092,0.23094412287466967,0.018382375861482017,-0.03550738856082092,-0.011442158908805511,0.04159731997065755,-0.0056695135991793755,-0.04019802545368006,0.01862682856322671,-0.000706452223923022,0.021015907964635983,0.006463897115495469
RelHeight,-0.07726331233887557,-0.05560758353489638,-0.03534627408357515,0.0928443848076529,-0.05556655714986543,0.01752190429250037,0.030902935570320287,-0.06027609282910067,-0.01806257739127575,-0.03238383426965552,-0.022910940476993727,0.02249229341850957,-0.03343209719061088,0.14824526863784424,-0.5870501400161786,0.11546827752312559,0.006791289916291941,-0.060336606047029354,1.0,-0.1407678768287968,-0.11999095012250219,0.2801341487560578,0.34090703014119655,-0.029730815211273548,0.21284620461770282,-0.008519559664292502,0.15717051496753828,-0.11789736478747684,0.14847522860582102,-0.12399435256839042,-0.012455011690530218,0.05352803554105628,-0.0006046023406816231,0.013214753950331951,-0.01909691012601962,0.04412430074576387,0.006904854861948228,-0.010978149993026199,-0.007678277998242007,0.013231870877620329,0.034709476291589866,0.039814443281550184,0.3638724248736567,0.14205376256003832,,0.9870197548285657,-0.10558069516920174,-0.1509386508670561,-0.6043829748430806,0.02820437163818078,0.12630510301392647,0.3597558607529924,0.0007092767608784053,-0.00527760711024828,0.02543898001750579,-0.038645213884556155,-0.00234934945673797,-0.017794322816825463,0.03260418893444564,-0.009228141482639549,0.019738555660575023,-0.023644236949440154
RelSide,0.10036824109594984,0.01515173241737778,-0.005086338209296435,-0.06347094467621466,0.9153227936065288,-0.050082880025779014,-0.12570164271526554,0.10207657011803596,-0.005315712532003595,-0.010132132656674453,-0.02109306042837615,-0.011373046252071972,0.017428024406407894,0.1405059845412299,0.05789242914973885,-0.9451951251184791,0.13067511429377315,0.3325299980167066,-0.1407678768287968,1.0,0.14620327130069802,0.003614207260840567,-0.10616131800576342,0.632364041263289,-0.006728080377932024,0.21629276254479293,0.1458071716571062,0.059215855906326276,-0.7120718206537348,-0.1513090573394912,-0.02521893295497915,-0.009515380451000572,0.020394561034404943,-0.0183533000752136,-0.02066601909942074,-0.008380673386936339,0.006088867992532917,-0.02896453403376632,-0.04105018474255562,-0.004723835938089523,-0.020009833266851393,-0.6860899688336406,-0.09762912550493802,-0.99912199897877,,-0.13928420050418946,0.9453704918263441,-0.14220663764983307,0.05019401553889683,-0.7039452464485001,0.11236021497144423,-0.05665983515843624,0.008874895611628903,0.00850330494025785,-0.022816038216125097,0.01699765513559596,-0.014996290052748332,-0.009404358538629911,0.013886467188494274,0.016173166486175086,-0.016426307607071117,0.010626906074340197
Extension,0.07126669450172782,0.05875038691065955,-0.011330529008386063,0.008495778988306718,0.15670483579099284,-0.024199186087710777,-0.053970735082720045,0.037944955970299635,0.048131626860326904,0.033870678232413375,-0.06573797446842643,-0.034222359947665655,0.04218664434766892,0.26185871873032246,-0.17805557118444887,-0.1733502283129499,-0.12768224943430406,0.15308042432459676,-0.11999095012250219,0.14620327130069802,1.0,0.3023814408573421,0.16318075286514183,0.16898727845272063,0.031050347644568634,0.016096940174148207,0.27575833047869214,0.2877259644107735,-0.06092763376059133,-0.4085898622491201,0.02505552450889871,-0.017438283655568196,0.06303542077421309,-0.006194584098656556,-0.0016905096193108333,-0.005528758373972643,0.053526090062983124,0.022864183100137214,-0.006353059782652094,0.0469409650853225,-0.0070864346401525325,-0.1745432875414431,0.1938421058961296,-0.1457619253804475,,-0.14286731949223558,0.1742494293582496,-0.2765057955916168,-0.12605914283485592,-0.17193141820955307,0.19914097049998558,0.20637405661578262,-0.005097627809673667,-0.02293252249786601,-0.026074197239992408,-0.0017222967859365774,0.0019554532080532155,-0.008973020717070193,0.011382342513368253,0.015948198628732785,0.04152286113216173,0.033506492783279655
VertBreak,-0.05927970243686748,-0.07595592631623489,-0.012656876822128505,-0.03489890723232134,0.025245656206921437,0.03363932450686385,-0.05557577169198219,-0.048009473575912315,-0.026380118301141627,0.11564238205468906,-0.1569245310048654,0.0056498791778062385,-0.02956189547021553,0.8419593156974989,-0.8274464835424523,-0.08276981212300294,0.04092357194473918,0.2835638410729115,0.2801341487560578,0.003614207260840567,0.3023814408573421,1.0,0.9129760182022736,0.23473216948435643,0.21555977000698637,0.048784068366067766,0.8139002958581988,0.8264520967085123,0.1721452628765762,-0.8430684572596131,0.04673513603576081,0.04539813676034848,0.05354834068596837,0.033998467148577675,0.009119303222862637,0.06988829747973997,0.04400506929622972,0.03352039399499105,-0.03909847622456123,0.04001102321275982,0.057851920220261845,-0.22172453378210327,0.9246278377681598,0.003922712114279191,,0.1524453242086275,0.08514754760224012,-0.8412202745369983,-0.782189682420885,-0.21613724857644365,0.7190462386989902,0.9481965527510153,-0.02781291761119207,-0.0075987374758437086,0.0013585037051543959,-0.003430471658019925,-0.013822230668388582,-0.011738143421880724,0.014678812433069795,0.011269069639829064,0.041221490520227735,-0.01787215803601364
InducedVertBreak,-0.07412300848932889,-0.06209112232412803,-0.006716286149375913,0.019846360736408507,-0.10191824809200699,0.03876469125139236,-0.039010821916795474,-0.06765516258233534,-0.035529271170685904,0.11144249687230487,-0.13777260086117613,0.021317835909099882,-0.024452942837789003,0.567956747699542,-0.7823729062429463,0.03653630929357993,-0.08667753133639546,0.2129945213759547,0.34090703014119655,-0.10616131800576342,0.16318075286514183,0.9129760182022736,1.0,0.12322923327996016,0.2238487957097803,0.023352798320541313,0.5244079574220583,0.7310755700794019,0.22092489088901712,-0.551464634324706,0.02168137432920582,0.10111388871402285,0.03755740857601256,0.03945449995727983,-0.001176999377791474,0.11302766162176406,0.03151332303185845,0.04051732888769486,-0.05241771867880691,0.029093693293829728,0.10045213573651829,-0.10712022746348254,0.9977007240022806,0.11160474735108647,,0.22564381540367678,-0.03258349597409269,-0.5644068102295211,-0.738809699032353,-0.10275697010744832,0.5376384438926496,0.9804406041980672,-0.018259874300042014,-0.0100274464576403,0.006889764157061033,0.002810811541670187,-0.020042480566234224,-0.006047979423684498,0.007100748366322718,0.003443018316284306,0.03864760353910136,-0.03492254614097947
HorzBreak,0.07164810421589995,-0.0011560961822986095,-0.06082720228313627,-0.10685846354292604,0.6673320446698802,-0.03762386514636759,-0.18521410216663525,0.08303763339454649,0.002941630202251652,-0.00988069696549718,-0.11204366133269111,-0.016989472132226183,0.0037740175634164187,0.3273009234037139,-0.1590617313041743,-0.7890671898205867,-0.02576689497581838,0.8290516083490215,-0.029730815211273548,0.632364041263289,0.16898727845272063,0.23473216948435643,0.12322923327996016,1.0,0.0319274983930665,0.3080285394477416,0.3270920443833637,0.22563646364896,0.021778474638493785,-0.32598968650353116,0.008471169625470613,-0.025664860670239553,0.03721558744783433,-0.02549196521632451,-0.00364386870313979,-0.017987142922063968,0.008510146425159713,-0.020995576576199305,-0.009257170810141756,-0.009062249645483767,-0.02810760076128513,-0.996844489095773,0.13247394596999468,-0.610046455152689,,-0.05990586120494956,0.7732974656628068,-0.32807930478477637,-0.15668047491641926,-0.9876121543432325,0.25769286688322396,0.1681796341965899,0.018280794215644797,-0.020357095004245044,-0.013139728834793394,0.04050693205018145,0.002081657835254244,-0.03784373617868576,0.0255954919926113,-0.00402201857373646,-0.010110840923467122,0.018017789523039705
PlateLocHeight,0.006965572052641571,-0.012345265370157047,-0.023769543641157413,0.0063467980707014185,0.026560068245160086,0.013670540552383585,-0.003206991828323371,0.00785200027616793,-0.009754143728153898,-0.020787151057367007,-0.035872247044937924,0.0640222621434665,-0.01736476297654156,0.15182592069304945,0.16941304454713896,-0.003761347408896463,0.05541926953042369,0.03206704608515372,0.21284620461770282,-0.006728080377932024,0.031050347644568634,0.21555977000698637,0.2238487957097803,0.0319274983930665,1.0,0.016136007572890045,0.1294154390852902,0.5314544485345081,0.03575370812636382,-0.14732058564413342,-0.02914891919691728,0.15325241729367,-0.008497053454445937,0.07204153901932384,-0.003588074537099268,0.17206652862691654,-0.010348138032930143,0.056064726428335473,-0.059378607100833376,-0.008731901097284597,0.1579878694837533,-0.030019183101415676,0.19248637665166243,0.007351688995314887,,0.27532600165575377,0.0044470386890403816,-0.15528073171480794,0.21763457206353198,-0.03155754159383587,0.15636266060344756,0.1969622533405642,-0.0007618544754352371,0.002441943882740143,0.011299751481906867,0.012919796578360359,-0.00040513678843851083,-0.02030798711621273,0.0022399110706390504,-0.008039526665352544,0.0011694522007814558,-0.07344647632520876
PlateLocSide,0.04330119749793892,0.00016707484366520843,-0.025772199142409084,-0.015462625464283947,0.1980571512582555,0.013839820220593007,-0.25126440546595263,0.04455788452347168,-0.018557537887111498,-0.0046222439157124935,-0.057772386636572665,-0.0038406022193601583,0.003932529628353826,0.07562572830682938,-0.027403826667698323,-0.05636873280060525,-0.021670865010098773,0.2429379185034909,-0.008519559664292502,0.21629276254479293,0.016096940174148207,0.048784068366067766,0.023352798320541313,0.3080285394477416,0.016136007572890045,1.0,0.0706460022965939,0.052019899891695004,0.3121073311049136,-0.0709358098556786,-0.047500449716889034,0.011511777766115961,-0.27687862623670956,-0.036520766155714084,-0.05367115221052079,0.0002413396644798952,-0.2978135284156694,-0.051364144422188465,-0.03941537188114807,-0.3060678497129326,-0.01701877051618152,-0.28556192865878116,0.024435651066762307,-0.2361109837577247,,-0.014814295341035275,0.04008821266486586,-0.07627848564275912,-0.02769877278467001,-0.2818834390506986,0.07715131591103408,0.032703252942954564,0.18595506391988473,0.10011290520367416,0.10105988812934083,0.06483034950428315,-0.024591055071427392,-0.08472253488571829,-0.07858478334682932,-0.10231006143506093,-0.15425020087481336,0.004489424076280664
ZoneSpeed,-0.036876320760980186,-0.0834301097197381,-0.016378052370067994,-0.11365878728072891,0.18905174205488617,0.02141995371606015,-0.0569247873519754,-0.015380454841491635,-0.0013125311978532401,0.08477060171595782,-0.1317589361679044,-0.014303186569921512,-0.03571580124349558,0.9877034971427066,-0.6608940858301304,-0.21927819342788718,0.24326226750688992,0.30498529088049625,0.15717051496753828,0.1458071716571062,0.27575833047869214,0.8139002958581988,0.5244079574220583,0.3270920443833637,0.1294154390852902,0.0706460022965939,1.0,0.6872996804154633,0.07006497472671402,-0.9811239691004914,0.06388622645579749,-0.049060066084635465,0.05688538465306664,0.01683225973341859,0.018793746145383566,-0.016636110059119344,0.046278275010006226,0.006381978345750481,-0.007420392549143866,0.04119064493007634,-0.024016744879702578,-0.32059405858537565,0.5487461631575697,-0.13681102448476096,,0.048962450409674556,0.2213493947345697,-0.989738506940284,-0.6429599107726024,-0.3204118187017386,0.7300538338494238,0.6342690348318509,-0.031124396599408237,0.0012951084164358217,-0.0057955915325249175,-0.01730516655276336,-0.0020795856744141752,-0.014683341813871716,0.022918944753717575,0.020948719094972524,0.028234655104185505,0.007494569899233128
VertApprAngle,-0.017133272336492006,-0.04857304771978915,-0.004964964972369306,-0.07194896852466584,0.053100859147665457,0.028890118987447946,-0.06200215113505536,-0.013361579150578486,-0.020829942266665458,0.10508752376189077,-0.1395609017707085,0.02434109900238059,-0.01948398937183635,0.7236976945738065,-0.3688441477302186,-0.12031190899278885,0.06608390121127493,0.28308673143977126,-0.11789736478747684,0.059215855906326276,0.2877259644107735,0.8264520967085123,0.7310755700794019,0.22563646364896,0.5314544485345081,0.052019899891695004,0.6872996804154633,1.0,0.09950065824616862,-0.7281316647064671,0.03227039712755326,0.0831653657316424,0.040994874534584724,0.05587924264949091,0.01561031895614348,0.11682189526542805,0.028818788387336265,0.05834601188556404,-0.05632041325261957,0.023339875742072847,0.10477143843017715,-0.21789106064297095,0.7154733409490359,-0.05297572262662969,,-0.1948277802651953,0.11828864270846752,-0.7228901388701563,-0.30235127985681404,-0.20864942172563825,0.621003022096846,0.7398737287527933,-0.025165078340006943,-0.0017491554655647103,-0.0050809817996322094,0.020808572287509104,-0.011405272453199661,-0.01018933803644909,-0.0018527382893415282,0.010301262463540394,0.02543899931855919,-0.038590209473460924
HorzApprAngle,-0.057078526805199564,-0.019151850913105343,-0.04416020555205322,-0.0012746297339715623,-0.5907765588868232,0.040656487512406234,-0.06434961074113808,-0.05088817712057121,0.0015004940775310428,0.004312966328434021,-0.07123382584166221,0.0005102350188592794,-0.01737085870500528,0.07872737513297566,-0.18814666883702202,0.596871079330867,-0.1843062522102546,0.24680113703523085,0.14847522860582102,-0.7120718206537348,-0.06092763376059133,0.1721452628765762,0.22092489088901712,0.021778474638493785,0.03575370812636382,0.3121073311049136,0.07006497472671402,0.09950065824616862,1.0,-0.06236620077416051,0.019147886212246144,-0.0018425996834536785,-0.10124104868166284,-0.008525847085149732,0.0032868053939207973,-0.00215944065765695,-0.1109623004898778,0.0018044226662117322,0.029396467467766953,-0.11274211126238741,-0.0013501845846188587,0.05426867657875797,0.21716437938644081,0.7190778299840821,,0.12392334591997488,-0.613997428631676,-0.07736513873588399,-0.17746455378869294,0.08381975978368596,0.0671145587516476,0.19453893734678973,0.06981040633541079,0.012475241993316174,0.05580370202874854,0.030526548688587986,0.01145710595739459,-0.0455198637530221,-0.02839138330692268,-0.060144844261065575,-0.04363915004970094,0.0012417940865862573
ZoneTime,0.02278318867265615,0.07372599214347975,0.016415677146422558,0.10077336314299985,-0.19113582089889417,-0.017420967195339993,0.06316782317791157,0.007743454268362417,0.003691100813837444,-0.09018490021284181,0.13892908664452228,0.016636202356249654,0.029159736271951325,-0.9807091022179363,0.6617449849418825,0.2232331391303978,-0.20147571506624185,-0.3072840708034715,-0.12399435256839042,-0.1513090573394912,-0.4085898622491201,-0.8430684572596131,-0.551464634324706,-0.32598968650353116,-0.14732058564413342,-0.0709358098556786,-0.9811239691004914,-0.7281316647064671,-0.06236620077416051,1.0,-0.06603921123839752,0.04061819867587241,-0.06154963942878662,-0.017472592248506665,-0.019480170480323973,0.0067114268814824525,-0.04981254936661826,-0.014127522130530175,0.011291397012538165,-0.044577796157817824,0.014922448334910425,0.3205320738169603,-0.5783297788111694,0.14289261043989637,,-0.015143103622980478,-0.22364514926847706,0.9838913352850316,0.6293489865243908,0.3163211931949991,-0.7682322326447552,-0.653199956655937,0.032741038609577215,0.0026912658156230487,0.006998199662162624,0.012056811879989866,0.0012906172619801704,0.01606294807398355,-0.02144282230163049,-0.0191972785802762,-0.03380538627350313,-0.009499612714393452
ExitSpeed,-0.03622920212419934,0.007093685698083904,-0.042938658730426814,-0.009297238574047649,-0.026216113438495624,-0.02548467902085149,-0.030797214252049187,-0.0397471344118236,-0.005523817168003302,0.01256065415056401,-0.08563694425800415,-0.23579711199844042,0.23758763962675913,0.061202410604231816,-0.044591772639444346,0.0051466751851705845,-0.013078812424997685,0.01971113989356236,-0.012455011690530218,-0.02521893295497915,0.02505552450889871,0.04673513603576081,0.02168137432920582,0.008471169625470613,-0.02914891919691728,-0.047500449716889034,0.06388622645579749,0.03227039712755326,0.019147886212246144,-0.06603921123839752,1.0,-0.3893581870188357,-0.041768829453805466,-0.323309298784367,0.056401582702935875,-0.1959085681416286,-0.05401242393530389,0.40885115170156,0.33396150161799293,-0.05507320270852832,-0.09746496739405001,-0.006628486159578338,0.02434518273373237,0.027587844046077004,,-0.02142583556171249,-0.004105019526915957,-0.06097002156395576,-0.045256102269616016,-0.002792227151996031,0.031217382834073076,0.026614336884088503,0.004899700765026244,0.030635361244167998,0.01311093079401737,0.007875160417123531,0.000786219294958253,0.010007687600189483,0.009569362949499997,-0.03868699634849588,-0.0470197959174975,0.24674622964309126
